0.5680230331546121
0.5251395119816171
0.677846317977897
0.6009122989386146
0.649020680599628
0.5732711456395666
0.6218144764197395
0.6414008644271803
0.6109462194988511
0.5790048145311303
0.6588945727103622
0.5421476638581902
0.604134752161068
0.5835717802823066
0.538475216106795
0.5356247948353212
0.5163967611336032
0.5742969690338111
0.5423350475982055
0.6909043659043659
0.6770502790239632
0.6455164678848889
0.6660083160083159
0.6755621512200459
0.695852937958201
0.6601706970128022
0.6551537367326842
0.6417236568552358
0.7280788379472589
0.6616588248167196
0.6889361527519423
0.6453783236677973
0.6677275960170697
0.6636325090272459
0.6232369515264253
0.6726912134806871
0.6412230550388445
0.7244474231316336
0.7284412955465587
0.6798665061822957
0.7005006018163913
0.7225927344348396
0.7315406499617025
0.7081764963343911
0.6802713644818909
0.6809976474450159
0.7067170915855125
0.7179054054054055
0.6883986212933582
0.7162763978553451
0.7170751723383302
0.6617942335047597
0.6972959295327716
0.6845182733340629
0.7229155268628953
0.7306816938395886
0.6770078783236677
